905 355 385 300
845 452 334 378
742 492 285 425
575 458 323 355
538 351 312 283
563 163 356 370
723 74 311 430
819 179 416 370
911 341 381 297
845 452 334 379
742 492 286 424
546 439 372 364
530 349 329 262
579 160 344 369
708 265 504 436
847 303 450 338
905 338 341 292
748 350 343 284
696 351 288 288
539 356 381 289
492 316 446 361
516 278 555 404
711 282 547 407
806 278 514 386
917 334 359 291
796 343 343 292
622 353 361 271
553 358 374 281
832 351 483 335
865 311 404 393
833 304 485 441
894 318 401 341
856 333 428 312
835 280 478 418
834 272 471 414
832 265 490 437
821 358 502 322
852 306 432 406
832 303 483 441
892 317 402 347
894 337 417 294
884 304 380 383